src,dst,similarity
1,280,0.9569020683327998
1,997,0.9565269894180614
1,1236,0.9567461501752356
6,57,0.9623191850941665
6,82,0.9661722872652426
6,131,0.9605763368855117
6,259,0.9578480816300617
6,280,0.9664919540417708
6,339,0.9560469401205195
6,345,0.956438250975529
6,350,0.9686053837071976
6,463,0.9585969635136617
6,506,0.9506763783946054
6,537,0.9694831585397952
6,541,0.9670311309886417
6,584,0.966651434080568
6,587,0.9808524669446692
6,646,0.9656450115230039
6,733,0.9649272899386095
6,735,0.9564413495860201
6,762,0.9684965497820722
6,774,0.9506303546477249
6,792,0.9701758264125242
6,872,0.9506076775715048
6,944,0.978002030040925
6,1154,0.9629945792287012
6,1186,0.9612752485393858
6,1193,0.9614368284977436
6,1233,0.9533433632591034
6,1236,0.9668807103648036
11,1077,0.9519804362342684
12,403,0.9561658805193672
12,887,0.9505985991391844
13,1116,0.952415174044212
18,57,0.9509191071403608
18,82,0.9584534579374022
18,218,0.9545054595220732
18,294,0.9514414610577969
18,327,0.9574092948121941
18,563,0.9513920087459146
18,584,0.9701654354758429
18,587,0.9500027834630326
18,588,0.9620085874620807
18,656,0.959177825790887
18,925,0.9568839228487622
18,944,0.9540245499917345
18,1106,0.9549810850935722
18,1241,0.9639836675763472
18,1289,0.9659122006019772
23,301,0.9574361333201995
30,45,0.9510936000234704
31,474,0.951308053990615
34,160,0.9545266760703894
34,537,0.9520717405457826
38,1001,0.951755902146729
38,1241,0.9587590827612035
40,848,0.9577441098621259
44,112,0.9593291641149196
44,171,0.9608072904167546
44,1247,0.9537463776397832
45,30,0.9510936000234704
45,1294,0.9577763084582448
46,270,0.9541471569079101
46,537,0.9542974590588027
46,573,0.9555899960295381
46,1166,0.9563164117851992
48,82,0.9501372039637768
48,160,0.9607076516417795
48,190,0.9522614608790371
48,348,0.9513086359602864
48,474,0.9518331039114679
48,537,0.9529879314080647
48,584,0.9573666786590338
48,598,0.9589695765722183
48,762,0.9660411319870268
48,863,0.9536642375201999
48,1117,0.9513405389075504
48,1170,0.9662574306521465
48,1241,0.9590232205260446
53,57,0.9539752014942005
55,256,0.9553629220711877
55,360,0.9549306789221412
55,1086,0.9511598061184848
55,1117,0.9506465233564805
56,74,0.9503678130809535
56,1057,0.9522359431664763
57,6,0.9623191850941665
57,18,0.9509191071403608
57,53,0.9539752014942005
57,82,0.962644536987869
57,131,0.9587850603384742
57,339,0.9521582446087452
57,537,0.9511076453313496
57,541,0.9510407432482308
57,584,0.9698880249862587
57,587,0.9530544625191643
57,760,0.9627138006894284
57,792,0.9542985213768332
57,913,0.9610079034454727
57,944,0.9701661222427742
57,1193,0.9548928279523267
61,218,0.9526552580242298
61,1022,0.950869478709372
61,1189,0.9507528777307984
64,124,0.9635332249828981
66,625,0.952726715344092
66,1127,0.9545144860179835
68,124,0.9554426273563297
68,380,0.962077495055078
68,716,0.9594499934819515
68,899,0.9537793950426356
68,1091,0.9585573422336129
68,1205,0.9560368780815723
73,82,0.9639619575827558
73,259,0.9626709031785597
73,268,0.9511843603344793
73,404,0.9598026994964342
73,498,0.9652842562320961
73,541,0.956963391995112
73,587,0.9518397950269991
73,641,0.962348248158348
73,691,0.9605156634384046
73,766,0.951881149103246
73,770,0.9546875411796861
73,898,0.953649430196333
73,921,0.9508686394406314
73,997,0.9505342769060369
73,1064,0.9555024957779934
73,1180,0.9542326992774238
73,1236,0.9506178493188264
73,1299,0.9531071829276221
74,56,0.9503678130809535
74,93,0.9559391669650849
74,131,0.9621041032741954
74,537,0.9635774190513601
74,541,0.9601585285148706
74,552,0.9629424275654266
74,777,0.9503553926510618
74,792,0.9545193673613013
74,1154,0.9669203928054876
74,1169,0.9517275074986756
74,1233,0.9536099461428866
74,1275,0.9536188016109858
78,1046,0.9506501031604583
81,131,0.9570930849378944
81,142,0.9544416079537275
81,259,0.9507747093308244
81,523,0.9701106253936252
81,541,0.952878282941052
81,584,0.9569525384078635
81,606,0.9503262957319302
81,766,0.9512814164729372
81,777,0.9764899295015572
81,910,0.9551825191337467
81,944,0.9589624360619343
81,1154,0.9574011369726235
81,1219,0.9548103380060483
81,1237,0.9539970886782951
82,6,0.9661722872652426
82,18,0.9584534579374022
82,48,0.9501372039637768
82,57,0.962644536987869
82,73,0.9639619575827558
82,109,0.9631650084150868
82,131,0.9612282830049944
82,146,0.968496319221712
82,153,0.9586333561226166
82,171,0.9553946935331559
82,218,0.9579197624054783
82,233,0.9504216351044383
82,259,0.9663176392124734
82,268,0.9692347312030384
82,280,0.9627590842058523
82,298,0.9568465595994052
82,301,0.9528648343716998
82,339,0.9698127804795317
82,341,0.9603126335672927
82,376,0.9508872990032631
82,404,0.9623483875308798
82,463,0.9531258659286838
82,498,0.9549421126573729
82,506,0.9708983598948738
82,537,0.9729183792312653
82,541,0.9794696075262028
82,552,0.9532257311954093
82,584,0.9844748210907205
82,587,0.974761446033754
82,588,0.9598604313681877
82,595,0.9662600452588361
82,609,0.9634742270204218
82,625,0.975904335779004
82,626,0.9512803390325867
82,643,0.9639072074079127
82,648,0.9577802066450363
82,650,0.9586972735991054
82,691,0.961401891551179
82,733,0.953348566305193
82,762,0.9525109310842897
82,763,0.9503152155921527
82,766,0.9559416352210385
82,770,0.9634296043940482
82,792,0.9667074700877951
82,797,0.9554977494794217
82,925,0.9643580661246984
82,944,0.9748495927675102
82,1022,0.9543619384913332
82,1064,0.9535786257598153
82,1091,0.958937587360949
82,1117,0.9571745171768153
82,1127,0.9537347965448024
82,1172,0.9535467038553168
82,1180,0.9655903002328907
82,1198,0.9669402754404296
82,1219,0.9524597019384304
82,1231,0.9536874656355657
82,1233,0.9638319590991943
82,1236,0.9692336132438272
82,1241,0.9605924717287876
82,1245,0.9540899339681639
82,1261,0.9684941319708463
82,1270,0.9627843559481639
83,1056,0.9535900109703167
83,1241,0.9628211692857452
85,328,0.9523575806808989
85,794,0.9628862326482988
92,105,0.9544088603215128
92,393,0.9521385294671055
92,641,0.9647728981256084
92,1047,0.950690885649477
92,1233,0.9646298428314138
93,74,0.9559391669650849
93,131,0.9779220256090337
93,171,0.9506920847794633
93,541,0.960470694307832
93,584,0.9608350746141527
93,944,0.9605611225464766
93,1154,0.9619780047686508
93,1193,0.9546920515026599
93,1275,0.9632090672606745
96,403,0.9541438840339392
96,404,0.9511612298666394
96,648,0.9622645184627321
96,650,0.9536622228383695
96,1091,0.9561333147035511
97,910,0.9520921530693432
99,877,0.9522621225581159
105,92,0.9544088603215128
105,1270,0.9506449944047591
107,388,0.9712070685104228
107,453,0.9512934928407372
107,944,0.9553105070925333
107,1047,0.9547800178011528
107,1236,0.9583171782473433
109,82,0.9631650084150868
109,341,0.9606562722641423
109,584,0.9634977504469943
109,587,0.9533826856539903
109,625,0.9598300437573131
109,632,0.9586082307072892
109,687,0.9504156540138744
109,691,0.9547270865162775
109,869,0.9538312759302828
109,876,0.9514560393279883
109,880,0.9515458908442276
109,944,0.9566588530925065
109,1054,0.9543911989320316
112,44,0.9593291641149196
112,341,0.9628635519050064
112,588,0.953987880345972
112,846,0.9503439808630111
112,1086,0.9511100538866187
112,1105,0.9573237949613412
112,1117,0.9641479198132259
112,1247,0.9569075208538449
112,1264,0.9578750162694369
124,64,0.9635332249828981
124,68,0.9554426273563297
124,380,0.9519940696170718
124,666,0.9542975934129636
124,716,0.9532418989008408
124,752,0.9640295447552434
127,1186,0.9528946763719109
129,591,0.9543133629616045
131,6,0.9605763368855117
131,57,0.9587850603384742
131,74,0.9621041032741954
131,81,0.9570930849378944
131,82,0.9612282830049944
131,93,0.9779220256090337
131,171,0.9604190037618145
131,259,0.9544873156421809
131,268,0.95114170397361
131,319,0.9504282974566071
131,341,0.9745301355829096
131,343,0.9635348101778863
131,537,0.9598333181020566
131,541,0.9645943675040252
131,552,0.963556246773211
131,563,0.9577767582256744
131,584,0.9687965401334849
131,587,0.9662157873808106
131,588,0.956277362718327
131,595,0.9517885264079257
131,687,0.9547453245641286
131,733,0.9564623299728656
131,746,0.9588543635914025
131,777,0.9582044906935225
131,792,0.9568441861763772
131,925,0.9632262450395627
131,944,0.9689523728390462
131,1065,0.9564978421422673
131,1154,0.9824449745725875
131,1162,0.9612598483808923
131,1169,0.9636938495856818
131,1193,0.9726153961978359
131,1236,0.9537191336474776
131,1275,0.952659030808029
133,1247,0.966897626604582
135,325,0.9607355913366118
139,339,0.9557609372020658
142,81,0.9544416079537275
142,259,0.9570846120809176
142,588,0.9636684343924494
144,1264,0.9711300978632582
145,717,0.9544830563312394
146,82,0.968496319221712
146,474,0.9517280142392028
146,498,0.960305377553521
146,584,0.956437525482905
146,643,0.9626612998291676
146,1105,0.9537724358659553
146,1117,0.9607559491542744
147,287,0.9543395594482469
153,82,0.9586333561226166
153,1091,0.9519479910095473
153,1199,0.9501019313166978
156,1091,0.9521556878030742
156,1115,0.9550537822020112
160,34,0.9545266760703894
160,48,0.9607076516417795
160,268,0.9553737878312675
160,537,0.9595254005115822
160,584,0.9638709090417488
160,587,0.9574356948753776
160,792,0.9567437268755835
160,807,0.95960477111841
160,827,0.9564279298167373
160,869,0.9529013339129679
160,944,0.9555930653965174
160,992,0.9605109056667032
160,1022,0.9708583778999569
160,1236,0.9601009792579206
163,339,0.9652654207634436
163,341,0.9551742974484996
163,584,0.9506361691929759
163,595,0.9548231528128245
163,605,0.9500658066304425
163,731,0.9600471228920505
163,1162,0.9560364809604908
163,1236,0.9577043860997467
171,44,0.9608072904167546
171,82,0.9553946935331559
171,93,0.9506920847794633
171,131,0.9604190037618145
171,218,0.9633166846767713
171,453,0.9525876417668524
171,584,0.9663706234964594
171,588,0.9609489279221619
171,625,0.9518524622404416
171,643,0.9545815528090632
171,925,0.9685822702075805
171,944,0.9724572063878275
171,1086,0.9525216721488314
171,1117,0.9515115585802238
171,1193,0.9538711890887033
171,1247,0.9512437510812531
175,523,0.9711315006426606
175,766,0.9515745798540898
183,185,0.9633602702417936
183,1232,0.9534135801412966
185,183,0.9633602702417936
188,584,0.952823642489765
190,48,0.9522614608790371
190,1283,0.9506817146191415
193,1189,0.9699461153330663
196,259,0.9556558598490225
198,232,0.9503822752625758
198,350,0.9576965582795577
198,552,0.9509031063379613
198,739,0.960606242684292
198,898,0.9658218827421351
198,1065,0.9646872303354731
200,762,0.9530295291906481
200,1242,0.9616742418239066
201,258,0.9592024206395616
201,997,0.9631105062093998
201,1047,0.9557008531773384
201,1094,0.9541436999803141
201,1299,0.9538382004229428
218,18,0.9545054595220732
218,61,0.9526552580242298
218,82,0.9579197624054783
218,171,0.9633166846767713
218,268,0.9542966133009413
218,453,0.9524388347959796
218,513,0.9563073483980257
218,541,0.9524006336089422
218,552,0.9501635003534548
218,584,0.9632684057775636
218,588,0.9721988015280021
218,625,0.9564399558452222
218,925,0.9726220709335398
218,1117,0.9501613859526691
218,1231,0.9581443675212021
218,1261,0.9517218823709552
218,1265,0.9579620958793095
228,693,0.9544426030602695
230,272,0.9529423117263374
230,574,0.9543396296986552
230,584,0.9549708483502266
230,595,0.9504973890312278
230,705,0.9694465446007903
231,541,0.9510793844313074
231,897,0.9510222771784874
232,198,0.9503822752625758
232,1137,0.9542953838534421
233,82,0.9504216351044383
233,1233,0.9599339938994603
237,268,0.9507277573489087
237,869,0.9538049182083792
240,241,0.9591510035349549
241,240,0.9591510035349549
244,1156,0.9517798072086668
246,540,0.9553338283886695
246,764,0.9630577594201015
246,899,0.9505929243475506
246,1205,0.95478442206687
246,1239,0.9586536224569369
248,628,0.9576431759557426
256,55,0.9553629220711877
256,360,0.9561870022928605
256,373,0.956068404618082
256,474,0.9624034945980716
256,1045,0.9604636400794588
256,1065,0.9515941977846698
258,201,0.9592024206395616
258,997,0.966346778652183
259,6,0.9578480816300617
259,73,0.9626709031785597
259,81,0.9507747093308244
259,82,0.9663176392124734
259,131,0.9544873156421809
259,142,0.9570846120809176
259,196,0.9556558598490225
259,268,0.9630219505334532
259,325,0.9704688580596113
259,341,0.9563883326502338
259,404,0.9676835335847411
259,537,0.960858556541118
259,541,0.9711368744054474
259,584,0.9589956820930741
259,587,0.9646376255731919
259,588,0.9604281613709825
259,595,0.9629498639683344
259,628,0.9636974854310978
259,766,0.9654055232237411
259,792,0.9628803928505061
259,898,0.9567510842193445
259,944,0.9607029381839559
259,1045,0.951818196392309
259,1064,0.9502962467945674
259,1180,0.9600001388624695
259,1193,0.9544587540125496
259,1236,0.9574017452577727
261,559,0.9536358234559265
261,886,0.9544471912075198
261,913,0.9576749458478664
262,383,0.9689381102590141
264,1091,0.9547675522469481
268,73,0.9511843603344793
268,82,0.9692347312030384
268,131,0.95114170397361
268,160,0.9553737878312675
268,218,0.9542966133009413
268,237,0.9507277573489087
268,259,0.9630219505334532
268,298,0.9621771971026266
268,404,0.9503237063743755
268,498,0.9568861298083796
268,506,0.9579342049026182
268,513,0.9512983956606248
268,537,0.9663326633333307
268,540,0.9561016328162577
268,541,0.9815827213063316
268,552,0.9713895484109438
268,554,0.9502869739108214
268,584,0.963216275521379
268,587,0.961083667391968
268,588,0.9563021693044282
268,595,0.9627355115283798
268,628,0.9502561945777777
268,643,0.9501572493823949
268,644,0.9502720390750359
268,749,0.955422798533168
268,763,0.9569958306057628
268,766,0.9666417499284794
268,792,0.965325115260619
268,827,0.9526840757272397
268,881,0.9538377641834345
268,898,0.9574392587215378
268,925,0.9519316361203894
268,928,0.9603603630105536
268,944,0.9561109865530881
268,1022,0.9712790827608045
268,1137,0.9517161666010137
268,1169,0.9508231734832369
268,1186,0.9503561661856135
268,1236,0.9675427208305108
268,1261,0.9565664003692806
270,46,0.9541471569079101
270,896,0.9562651905301397
272,230,0.9529423117263374
272,278,0.9508661547989697
272,1184,0.9534859209281029
278,272,0.9508661547989697
280,1,0.9569020683327998
280,6,0.9664919540417708
280,82,0.9627590842058523
280,298,0.9600356801485784
280,350,0.9776399300689619
280,373,0.9619364200105732
280,404,0.9591446996803246
280,463,0.9570243923519038
280,474,0.9547828465291501
280,519,0.9523573275427515
280,537,0.9616061776849303
280,541,0.9608296530746302
280,584,0.9626245922243944
280,587,0.9788515003737877
280,609,0.950913714041628
280,625,0.9571320356887519
280,643,0.9762970881076221
280,735,0.9759258563230238
280,762,0.9544578556931732
280,792,0.9577471028202544
280,869,0.967825593569786
280,925,0.953429775777027
280,944,0.9746236690141784
280,997,0.9661752126450152
280,1018,0.9538075941372204
280,1019,0.9545839556541171
280,1022,0.9524555334507459
280,1117,0.9508692801700034
280,1233,0.9658936703029751
280,1236,0.9720232825270942
280,1299,0.9582452917307545
287,147,0.9543395594482469
294,18,0.9514414610577969
294,839,0.959020472539138
298,82,0.9568465595994052
298,268,0.9621771971026266
298,280,0.9600356801485784
298,506,0.9565135356781118
298,541,0.9534581849499595
298,595,0.9507294879408155
298,643,0.9539415258600215
298,705,0.953810388893685
298,762,0.9561207429523856
298,1132,0.9556567834848213
298,1236,0.9525550862605868
300,584,0.9565520438758367
300,1137,0.9556689778363239
301,23,0.9574361333201995
301,82,0.9528648343716998
301,537,0.9551707794846735
301,584,0.9579683592407225
301,819,0.9506409794320134
301,1064,0.9505552787735073
301,1249,0.9557096795858123
301,1261,0.9512998252917273
301,1279,0.9546750903252229
303,595,0.9544644428870416
303,609,0.9510565718226787
303,1198,0.952780926718831
303,1236,0.960790171445626
304,539,0.9537946687099028
304,687,0.9538878061985047
304,1107,0.9553336482493068
304,1110,0.959146021068721
304,1115,0.9516143642896437
304,1266,0.9573567021841355
310,765,0.9668172793577339
313,839,0.9602285343034737
316,474,0.9578156777515517
319,131,0.9504282974566071
319,351,0.9514792103341682
319,1154,0.9654433565883445
324,376,0.9517312941717361
325,135,0.9607355913366118
325,259,0.9704688580596113
325,541,0.9581804279062546
325,588,0.9516032319039721
325,628,0.9656826452152514
325,792,0.9573469543987276
326,1296,0.9516710097342801
327,18,0.9574092948121941
327,468,0.9528811741892241
327,1087,0.9507851956653222
327,1289,0.952775963219527
328,85,0.9523575806808989
330,635,0.962623338493777
330,781,0.9632586581397308
331,417,0.9601868634213444
331,1034,0.959411858835663
331,1132,0.9545059260830264
331,1166,0.9599057968847503
331,1193,0.9537230490981785
332,1072,0.9555433143366306
334,743,0.9594766543693961
334,1195,0.9602370376356547
339,6,0.9560469401205195
339,57,0.9521582446087452
339,82,0.9698127804795317
339,139,0.9557609372020658
339,163,0.9652654207634436
339,478,0.952061253153288
339,537,0.9554517814279133
339,541,0.9514994463399356
339,584,0.9670992717755365
339,595,0.9593107773766154
339,762,0.9545605848182223
339,944,0.9509432044017005
339,1236,0.9543239037515718
341,82,0.9603126335672927
341,109,0.9606562722641423
341,112,0.9628635519050064
341,131,0.9745301355829096
341,163,0.9551742974484996
341,259,0.9563883326502338
341,584,0.9653745607387314
341,588,0.9574672585909253
341,595,0.9629906320885219
341,925,0.9568589538427493
341,1091,0.9567195038688001
341,1162,0.9522802926321263
341,1193,0.9534019487160379
343,131,0.9635348101778863
345,6,0.956438250975529
345,506,0.9650103159568032
345,584,0.9508211820602747
345,587,0.9520909636831572
345,792,0.9740628444991388
345,1154,0.9597455842666909
345,1256,0.9603232258842707
348,48,0.9513086359602864
348,463,0.9532819465877109
348,474,0.9520389172397956
348,498,0.9525192588567616
348,523,0.9564779720888862
348,584,0.9536491341442873
348,587,0.9531338179609928
348,766,0.9542826799803539
348,1170,0.9562866005112935
348,1186,0.9580432179213186
348,1271,0.9549379456416157
349,1238,0.9539967136563532
349,1252,0.9601337250944119
350,6,0.9686053837071976
350,198,0.9576965582795577
350,280,0.9776399300689619
350,373,0.9755360127606282
350,404,0.9560287677085111
350,474,0.9514464923877899
350,541,0.9532205214410716
350,587,0.9724798941492329
350,643,0.9577645109641791
350,735,0.9778915401294923
350,898,0.959706719039727
350,899,0.9578100719940104
350,944,0.9600592970030744
350,1086,0.9500592535851664
350,1186,0.9562504159884493
350,1233,0.9551418559959912
350,1236,0.9547822986519485
350,1288,0.9545526018328403
350,1289,0.9510335307525379
350,1295,0.9550144562179687
351,319,0.9514792103341682
356,579,0.9502447175031221
360,55,0.9549306789221412
360,256,0.9561870022928605
360,582,0.9504523859671787
362,716,0.9506947056269014
362,1205,0.9576605724108456
364,498,0.9518317298131086
364,782,0.9516066878201552
365,1216,0.9562207799841644
367,982,0.9607520438509576
373,256,0.956068404618082
373,280,0.9619364200105732
373,350,0.9755360127606282
373,430,0.9509678724490308
373,587,0.9656329118382078
373,644,0.9500745908143643
373,735,0.9529137807083665
373,898,0.9504249331431169
373,925,0.9511900859387746
373,1047,0.9714759501207636
373,1065,0.9538578644776003
373,1233,0.9629492349209731
373,1236,0.9524736707228401
373,1289,0.9657476355865889
376,82,0.9508872990032631
376,324,0.9517312941717361
376,609,0.9621303699846488
376,914,0.9551038079990991
380,68,0.962077495055078
380,124,0.9519940696170718
380,823,0.9548740362061586
383,262,0.9689381102590141
384,537,0.9548596657147075
384,1233,0.9560662432398579
385,1068,0.9538427241266646
385,1261,0.9589593809511402
388,107,0.9712070685104228
388,944,0.9542951110937703
388,1002,0.9658571363269013
388,1236,0.951501534417589
389,731,0.9532624799323727
389,1091,0.9548051839302892
390,826,0.9510504333553083
390,831,0.9535445847613595
393,92,0.9521385294671055
393,641,0.9667969659309514
393,691,0.9513177554661555
393,1233,0.9676272831772909
402,687,0.9650831643647141
403,12,0.9561658805193672
403,96,0.9541438840339392
403,648,0.9601070161788124
403,887,0.9507474987828778
403,1070,0.9706949913744677
404,73,0.9598026994964342
404,82,0.9623483875308798
404,96,0.9511612298666394
404,259,0.9676835335847411
404,268,0.9503237063743755
404,280,0.9591446996803246
404,350,0.9560287677085111
404,541,0.9558128382360965
404,587,0.970681482882029
404,595,0.9544158970528154
404,656,0.9649655335461292
404,691,0.9627604239428288
404,770,0.9670613919388582
404,792,0.9637165713617957
404,876,0.9532863536198506
404,898,0.9686174496364678
404,914,0.9547822279373726
404,997,0.9623201171078525
404,1045,0.9539893420447623
404,1047,0.9603107355248508
404,1180,0.95290918130275
404,1216,0.9511159512777504
404,1233,0.9596360497755122
404,1236,0.9675333546015563
404,1299,0.953933286857175
406,588,0.9505265911446638
406,1117,0.9500584135796324
408,1159,0.9597200461070078
417,331,0.9601868634213444
417,733,0.9601363079775213
427,769,0.959030753998222
427,1026,0.9501238924338977
427,1110,0.9542779943331138
430,373,0.9509678724490308
430,536,0.9529708553159283
430,1065,0.9512939447880169
430,1263,0.9575779930541761
431,1228,0.9503429189551422
435,625,0.9530859135980171
435,699,0.9624466786726685
438,1137,0.9533910935138099
438,1261,0.9585991792620542
453,107,0.9512934928407372
453,171,0.9525876417668524
453,218,0.9524388347959796
453,588,0.9603621648834333
453,1173,0.9516729035275446
453,1231,0.9522258626756758
458,537,0.9557926976702691
458,792,0.9506743381416842
459,1030,0.967857180827814
460,482,0.9639773628516589
460,803,0.959319896311549
461,498,0.9573557499478701
461,540,0.9515828546030157
461,541,0.9605556474528725
461,584,0.9535258655645074
461,625,0.9612689225370605
461,797,0.9540778324654907
461,1022,0.9510803467674683
461,1127,0.9572806374120081
461,1219,0.9601063235338355
461,1231,0.9704276188943316
461,1237,0.953208675162029
461,1239,0.9640237469068474
462,1088,0.9623601836126522
463,6,0.9585969635136617
463,82,0.9531258659286838
463,280,0.9570243923519038
463,348,0.9532819465877109
463,519,0.961451724701427
463,524,0.9621755048417945
463,584,0.970687419235355
463,587,0.9612613358415592
463,609,0.966503749369269
463,766,0.9603100580766336
463,944,0.9714013400416915
463,1019,0.9541429281778934
463,1186,0.9533247833305031
463,1249,0.952824881027471
466,643,0.9528409338812973
468,327,0.9528811741892241
468,1180,0.9554025516226053
474,31,0.951308053990615
474,48,0.9518331039114679
474,146,0.9517280142392028
474,256,0.9624034945980716
474,280,0.9547828465291501
474,316,0.9578156777515517
474,348,0.9520389172397956
474,350,0.9514464923877899
474,643,0.9525838233732999
474,720,0.9571405284811058
474,925,0.950312680102117
474,967,0.9529980736750335
474,1063,0.9532748493521442
474,1065,0.9550573266171561
474,1105,0.9556855100332289
474,1186,0.9655758947455667
474,1245,0.9531657258124078
474,1271,0.9654722409654111
476,661,0.9516493505630355
478,339,0.952061253153288
482,460,0.9639773628516589
482,803,0.9504573650661554
498,73,0.9652842562320961
498,82,0.9549421126573729
498,146,0.960305377553521
498,268,0.9568861298083796
498,348,0.9525192588567616
498,364,0.9518317298131086
498,461,0.9573557499478701
498,540,0.9585620440864995
498,541,0.9647840909125016
498,584,0.9559759322196539
498,643,0.9504865621423272
498,731,0.9583546910197068
498,762,0.9527735456776408
498,782,0.9617046216039923
498,881,0.9612389588382344
498,1117,0.9517890551380611
498,1170,0.9557024866048983
498,1186,0.9504181759215079
498,1236,0.953427726276168
498,1299,0.9514281307638619
499,705,0.9536990620584775
499,728,0.9542060399840165
502,685,0.958494248691118
502,848,0.9552110420821674
504,507,0.9506666626900456
506,6,0.9506763783946054
506,82,0.9708983598948738
506,268,0.9579342049026182
506,298,0.9565135356781118
506,345,0.9650103159568032
506,537,0.9584105027354927
506,541,0.9626099678672976
506,584,0.9669675307348384
506,587,0.9575113014052745
506,595,0.9563608665229506
506,630,0.958230489390775
506,656,0.9568025600514499
506,792,0.963986063255753
506,833,0.9542089713211346
506,881,0.9521850148073202
506,1022,0.9595736106137902
506,1236,0.9633619880833343
506,1256,0.9575566200392929
506,1261,0.969073162186848
507,504,0.9506666626900456
509,516,0.9690285190868428
513,218,0.9563073483980257
513,268,0.9512983956606248
513,925,0.9609275211399284
516,509,0.9690285190868428
516,1131,0.9529763553685602
518,519,0.9724304184427551
518,520,0.9777640606170456
518,524,0.9866927974478765
518,1298,0.9568293137758621
519,280,0.9523573275427515
519,463,0.961451724701427
519,518,0.9724304184427551
519,520,0.98985802477685
519,524,0.9839644609491419
519,869,0.9520696473038682
520,518,0.9777640606170456
520,519,0.98985802477685
520,524,0.987185689004961
520,1133,0.9510486130459459
521,529,0.950353276951932
521,777,0.953028120688203
523,81,0.9701106253936252
523,175,0.9711315006426606
523,348,0.9564779720888862
523,541,0.9521232387712486
523,766,0.9529895241956126
523,777,0.9500995891783722
523,910,0.9646441651476216
523,1002,0.9653766059054324
524,463,0.9621755048417945
524,518,0.9866927974478765
524,519,0.9839644609491419
524,520,0.987185689004961
524,869,0.9523606204404349
524,880,0.9514833071618338
524,1298,0.9628937793443577
529,521,0.950353276951932
529,613,0.9578717892434109
529,777,0.9519733574572468
533,792,0.9573197651489853
533,1115,0.9501898497278252
533,1202,0.9698900200084877
535,833,0.9534243411011606
536,430,0.9529708553159283
537,6,0.9694831585397952
537,34,0.9520717405457826
537,46,0.9542974590588027
537,48,0.9529879314080647
537,57,0.9511076453313496
537,74,0.9635774190513601
537,82,0.9729183792312653
537,131,0.9598333181020566
537,160,0.9595254005115822
537,259,0.960858556541118
537,268,0.9663326633333307
537,280,0.9616061776849303
537,301,0.9551707794846735
537,339,0.9554517814279133
537,384,0.9548596657147075
537,458,0.9557926976702691
537,506,0.9584105027354927
537,541,0.9843747673253376
537,552,0.9547534573574141
537,584,0.9736950533206369
537,587,0.9779473682788372
537,588,0.9680505330331832
537,595,0.966138300728899
537,625,0.9512144691307313
537,733,0.9526779251205059
537,774,0.9604424723768127
537,777,0.9531247520729617
537,792,0.9727008535862942
537,881,0.95657415649491
537,944,0.9704137858505852
537,1022,0.9700039057808795
537,1064,0.9596985272865758
537,1127,0.9506046222365383
537,1154,0.9593343018546245
537,1166,0.9708150651195266
537,1193,0.9500929271422605
537,1198,0.9510981037158117
537,1231,0.950108809403209
537,1233,0.958680685039978
537,1236,0.9823631692254216
537,1241,0.9549540892698685
537,1261,0.9507070288320963
539,304,0.9537946687099028
539,672,0.9548340857814015
540,246,0.9553338283886695
540,268,0.9561016328162577
540,461,0.9515828546030157
540,498,0.9585620440864995
540,541,0.953861327483055
540,552,0.9598215496161931
540,1205,0.9737054052939369
540,1245,0.9555868473091054
541,6,0.9670311309886417
541,57,0.9510407432482308
541,73,0.956963391995112
541,74,0.9601585285148706
541,81,0.952878282941052
541,82,0.9794696075262028
541,93,0.960470694307832
541,131,0.9645943675040252
541,218,0.9524006336089422
541,231,0.9510793844313074
541,259,0.9711368744054474
541,268,0.9815827213063316
541,280,0.9608296530746302
541,298,0.9534581849499595
541,325,0.9581804279062546
541,339,0.9514994463399356
541,350,0.9532205214410716
541,404,0.9558128382360965
541,461,0.9605556474528725
541,498,0.9647840909125016
541,506,0.9626099678672976
541,523,0.9521232387712486
541,537,0.9843747673253376
541,540,0.953861327483055
541,552,0.9707324405179691
541,583,0.9564748887890769
541,584,0.9743100901526045
541,587,0.9737882209030227
541,588,0.9609798962354537
541,595,0.9665208381179252
541,625,0.9522695760146951
541,628,0.9535442689452794
541,643,0.9599000929226411
541,763,0.9597369814169041
541,766,0.9602083841693734
541,774,0.9521079813988907
541,777,0.9526783672289878
541,792,0.9733888600121586
541,881,0.96036462564513
541,898,0.9510981774946055
541,944,0.9723797405629054
541,1022,0.9744318280770978
541,1127,0.9541397731678972
541,1154,0.9680680139741721
541,1166,0.9598604435759964
541,1169,0.9543584635697955
541,1193,0.9529748981933714
541,1198,0.9547636001154733
541,1219,0.9698423875338125
541,1231,0.9521636937317365
541,1233,0.9560113514743885
541,1236,0.9801412099917949
541,1275,0.9525488613263805
544,627,0.952080005405612
546,584,0.9594249599665947
546,848,0.9554042168698409
550,997,0.952442510692795
550,1077,0.9513055005420806
550,1098,0.9577153761178508
551,696,0.9514979679274899
552,74,0.9629424275654266
552,82,0.9532257311954093
552,131,0.963556246773211
552,198,0.9509031063379613
552,218,0.9501635003534548
552,268,0.9713895484109438
552,537,0.9547534573574141
552,540,0.9598215496161931
552,541,0.9707324405179691
552,584,0.9532550505261134
552,595,0.9540132868599805
552,687,0.9524935034481509
552,792,0.960517893132976
552,877,0.951058415973471
552,898,0.9547576481574046
552,1034,0.9548093387857045
552,1038,0.9533848519059668
552,1091,0.9580419853099037
552,1132,0.9564248781854187
552,1137,0.9501214664041027
552,1154,0.9586863389345839
552,1169,0.9698059720805098
552,1245,0.959363281206625
552,1261,0.9539862039115826
552,1275,0.9530254218800623
554,268,0.9502869739108214
554,644,0.9601143422095595
554,1154,0.9570397763250988
557,1166,0.9508803677253038
559,261,0.9536358234559265
559,827,0.9523840435898298
563,18,0.9513920087459146
563,131,0.9577767582256744
563,746,0.953397030457464
564,1292,0.9539825470575559
573,46,0.9555899960295381
573,1166,0.9784154393028668
574,230,0.9543396296986552
574,605,0.9506002729506146
576,1132,0.9520010713729847
579,356,0.9502447175031221
579,880,0.9539001052872872
579,1266,0.9606861315018572
582,360,0.9504523859671787
583,541,0.9564748887890769
583,769,0.9597114920044201
583,1166,0.9560973757106442
584,6,0.966651434080568
584,18,0.9701654354758429
584,48,0.9573666786590338
584,57,0.9698880249862587
584,81,0.9569525384078635
584,82,0.9844748210907205
584,93,0.9608350746141527
584,109,0.9634977504469943
584,131,0.9687965401334849
584,146,0.956437525482905
584,160,0.9638709090417488
584,163,0.9506361691929759
584,171,0.9663706234964594
584,188,0.952823642489765
584,218,0.9632684057775636
584,230,0.9549708483502266
584,259,0.9589956820930741
584,268,0.963216275521379
584,280,0.9626245922243944
584,300,0.9565520438758367
584,301,0.9579683592407225
584,339,0.9670992717755365
584,341,0.9653745607387314
584,345,0.9508211820602747
584,348,0.9536491341442873
584,461,0.9535258655645074
584,463,0.970687419235355
584,498,0.9559759322196539
584,506,0.9669675307348384
584,537,0.9736950533206369
584,541,0.9743100901526045
584,546,0.9594249599665947
584,552,0.9532550505261134
584,587,0.9780826692821728
584,588,0.9746538924042724
584,595,0.9584806484989422
584,609,0.9651925847210615
584,625,0.9716854564259269
584,643,0.9561391506909506
584,648,0.9505678998539497
584,705,0.95468071117051
584,766,0.962340050234611
584,792,0.9656905782667393
584,819,0.956628153111254
584,925,0.9628423351439813
584,944,0.9875133582727487
584,1001,0.95139340429893
584,1022,0.9725960742180437
584,1054,0.9590865025971632
584,1064,0.9511443036722279
584,1117,0.9637666048415972
584,1180,0.9506351851523313
584,1231,0.9651135282044623
584,1236,0.9709983701204401
584,1241,0.9573280655164718
584,1249,0.9519425495831175
584,1261,0.9639704232698134
584,1289,0.9500255352144741
587,6,0.9808524669446692
587,18,0.9500027834630326
587,57,0.9530544625191643
587,73,0.9518397950269991
587,82,0.974761446033754
587,109,0.9533826856539903
587,131,0.9662157873808106
587,160,0.9574356948753776
587,259,0.9646376255731919
587,268,0.961083667391968
587,280,0.9788515003737877
587,345,0.9520909636831572
587,348,0.9531338179609928
587,350,0.9724798941492329
587,373,0.9656329118382078
587,404,0.970681482882029
587,463,0.9612613358415592
587,506,0.9575113014052745
587,537,0.9779473682788372
587,541,0.9737882209030227
587,584,0.9780826692821728
587,588,0.9554768985107635
587,595,0.9520049497916323
587,609,0.959556541118689
587,625,0.9532133300085515
587,643,0.9553580250862679
587,646,0.9528615962745418
587,648,0.9505684380247565
587,691,0.9548094853719401
587,733,0.9567011013153025
587,735,0.9531767828109516
587,747,0.9503096963202123
587,766,0.9661437415217138
587,770,0.9570402983677972
587,774,0.957654576756781
587,792,0.9750067333525817
587,869,0.9538628436903621
587,872,0.9547434097029859
587,910,0.9514821914836444
587,925,0.954225408249671
587,944,0.983857584800348
587,997,0.9510990403370553
587,1022,0.9652335489803681
587,1047,0.9675131195212006
587,1064,0.952879660216931
587,1154,0.9677281067024691
587,1162,0.9546495169785457
587,1186,0.9526631725511719
587,1194,0.9509292621471325
587,1233,0.9720306165817068
587,1236,0.9820634408454239
587,1249,0.9502131165339538
587,1266,0.9539934269296964
587,1271,0.9523868860101589
587,1289,0.9520485244398382
588,18,0.9620085874620807
588,82,0.9598604313681877
588,112,0.953987880345972
588,131,0.956277362718327
588,142,0.9636684343924494
588,171,0.9609489279221619
588,218,0.9721988015280021
588,259,0.9604281613709825
588,268,0.9563021693044282
588,325,0.9516032319039721
588,341,0.9574672585909253
588,406,0.9505265911446638
588,453,0.9603621648834333
588,537,0.9680505330331832
588,541,0.9609798962354537
588,584,0.9746538924042724
588,587,0.9554768985107635
588,625,0.9517732037557761
588,792,0.9503122212104332
588,881,0.9511834902560498
588,898,0.9522870570948245
588,925,0.9657423391620665
588,928,0.9517073905247483
588,944,0.9587186030061232
588,1001,0.9612050471103059
588,1022,0.9589549662057821
588,1117,0.9541293168393807
588,1127,0.9525405727313493
588,1231,0.9712695710518443
588,1236,0.9526369952695702
588,1241,0.9647048105024562
588,1265,0.9575953804262314
588,1289,0.9619392671323598
589,928,0.9522652216483061
591,129,0.9543133629616045
595,82,0.9662600452588361
595,131,0.9517885264079257
595,163,0.9548231528128245
595,230,0.9504973890312278
595,259,0.9629498639683344
595,268,0.9627355115283798
595,298,0.9507294879408155
595,303,0.9544644428870416
595,339,0.9593107773766154
595,341,0.9629906320885219
595,404,0.9544158970528154
595,506,0.9563608665229506
595,537,0.966138300728899
595,541,0.9665208381179252
595,552,0.9540132868599805
595,584,0.9584806484989422
595,587,0.9520049497916323
595,638,0.9527301387631607
595,705,0.9675708340082725
595,792,0.965619919199396
595,881,0.9511140745220019
595,898,0.9527189625804489
595,1110,0.9603582161304922
595,1198,0.9613443784452287
595,1236,0.9799738948696878
595,1261,0.9633955866794166
598,48,0.9589695765722183
602,869,0.9609788160341775
605,163,0.9500658066304425
605,574,0.9506002729506146
606,81,0.9503262957319302
608,1044,0.9520571070244324
609,82,0.9634742270204218
609,280,0.950913714041628
609,303,0.9510565718226787
609,376,0.9621303699846488
609,463,0.966503749369269
609,584,0.9651925847210615
609,587,0.959556541118689
609,766,0.95425629497215
609,819,0.9550113020806541
609,944,0.9552058862094076
609,998,0.9639779531243585
609,1064,0.9504747379262147
609,1236,0.9515207635302059
609,1249,0.9510787900513815
609,1300,0.9545002347381353
613,529,0.9578717892434109
613,1169,0.9581869233378216
613,1252,0.9509831881552979
625,66,0.952726715344092
625,82,0.975904335779004
625,109,0.9598300437573131
625,171,0.9518524622404416
625,218,0.9564399558452222
625,280,0.9571320356887519
625,435,0.9530859135980171
625,461,0.9612689225370605
625,537,0.9512144691307313
625,541,0.9522695760146951
625,584,0.9716854564259269
625,587,0.9532133300085515
625,588,0.9517732037557761
625,656,0.9554589016899769
625,699,0.9575083997741468
625,735,0.9555866699957275
625,944,0.9654590871352354
625,1022,0.9516461400572126
625,1030,0.9551820747295595
625,1064,0.9545834495928134
625,1117,0.9570466629433578
625,1127,0.9630220170187577
625,1180,0.9563689382842572
625,1198,0.960779285286495
625,1231,0.9666596376887988
625,1236,0.9510308298848685
625,1239,0.9574487608705573
625,1261,0.9631647931533935
625,1299,0.9514455680390224
626,82,0.9512803390325867
626,846,0.9563698395209584
626,1117,0.9565293828495455
626,1127,0.9523811730962072
626,1231,0.9660513485101556
627,544,0.952080005405612
627,716,0.9577941828269892
627,1205,0.950777052751666
628,248,0.9576431759557426
628,259,0.9636974854310978
628,268,0.9502561945777777
628,325,0.9656826452152514
628,541,0.9535442689452794
628,792,0.9614344433485124
628,827,0.9527571989054504
630,506,0.958230489390775
630,715,0.9518317127760789
630,1261,0.9503882086708163
632,109,0.9586082307072892
632,1026,0.951707693725738
633,650,0.950640205151126
633,770,0.95979969992275
633,1026,0.9544092965660785
633,1180,0.9575244253552365
635,330,0.962623338493777
635,1186,0.952526285148568
635,1263,0.9502354419428869
635,1265,0.9538843148866117
635,1270,0.9502838727360424
638,595,0.9527301387631607
638,757,0.9513584714620494
638,1090,0.9537042472590938
641,73,0.962348248158348
641,92,0.9647728981256084
641,393,0.9667969659309514
641,1064,0.9530156275736503
641,1233,0.968472104289032
643,82,0.9639072074079127
643,146,0.9626612998291676
643,171,0.9545815528090632
643,268,0.9501572493823949
643,280,0.9762970881076221
643,298,0.9539415258600215
643,350,0.9577645109641791
643,466,0.9528409338812973
643,474,0.9525838233732999
643,498,0.9504865621423272
643,541,0.9599000929226411
643,584,0.9561391506909506
643,587,0.9553580250862679
643,925,0.9590591912425738
643,944,0.9631739711842494
643,1105,0.9520350694359795
643,1117,0.9559619639048538
643,1233,0.9533720173684616
644,268,0.9502720390750359
644,373,0.9500745908143643
644,554,0.9601143422095595
644,792,0.9523610584776316
645,831,0.9516103356489395
646,6,0.9656450115230039
646,587,0.9528615962745418
646,733,0.9562862710297977
646,1154,0.951298265280083
646,1186,0.9514379686791371
648,82,0.9577802066450363
648,96,0.9622645184627321
648,403,0.9601070161788124
648,584,0.9505678998539497
648,587,0.9505684380247565
648,650,0.9637736185979913
648,1070,0.9506192211074702
650,82,0.9586972735991054
650,96,0.9536622228383695
650,633,0.950640205151126
650,648,0.9637736185979913
650,1180,0.954147205428588
650,1199,0.9534900274583189
654,867,0.9554842453524894
656,18,0.959177825790887
656,404,0.9649655335461292
656,506,0.9568025600514499
656,625,0.9554589016899769
656,735,0.9508498179544953
656,898,0.9623838639499482
656,1261,0.9526335290277427
661,476,0.9516493505630355
666,124,0.9542975934129636
666,752,0.955582440521005
672,539,0.9548340857814015
685,502,0.958494248691118
687,109,0.9504156540138744
687,131,0.9547453245641286
687,304,0.9538878061985047
687,402,0.9650831643647141
687,552,0.9524935034481509
687,746,0.9537450198726339
687,944,0.9512823913960883
687,1282,0.9572684783141631
691,73,0.9605156634384046
691,82,0.961401891551179
691,109,0.9547270865162775
691,393,0.9513177554661555
691,404,0.9627604239428288
691,587,0.9548094853719401
691,770,0.9659531634541594
691,929,0.9520696748165831
691,1047,0.9505461360059169
691,1233,0.9680211442099643
691,1270,0.968209010354476
693,228,0.9544426030602695
693,1086,0.9583751426885322
696,551,0.9514979679274899
696,718,0.9745705632088472
696,997,0.9612761163526685
696,1236,0.9559642744560694
699,435,0.9624466786726685
699,625,0.9575083997741468
699,1239,0.9549940560818272
699,1266,0.9525919943017834
705,230,0.9694465446007903
705,298,0.953810388893685
705,499,0.9536990620584775
705,584,0.95468071117051
705,595,0.9675708340082725
705,1029,0.9559346452421199
705,1054,0.953874257529974
705,1158,0.9587476163949387
705,1236,0.9528703417374029
715,630,0.9518317127760789
716,68,0.9594499934819515
716,124,0.9532418989008408
716,362,0.9506947056269014
716,627,0.9577941828269892
716,1091,0.9522337619236312
716,1205,0.9556018782954745
717,145,0.9544830563312394
718,696,0.9745705632088472
718,1236,0.9507818694056585
720,474,0.9571405284811058
720,1271,0.97359248154051
728,499,0.9542060399840165
731,163,0.9600471228920505
731,389,0.9532624799323727
731,498,0.9583546910197068
731,1091,0.9524176120678564
731,1245,0.955003552828842
731,1289,0.9597925892311014
733,6,0.9649272899386095
733,82,0.953348566305193
733,131,0.9564623299728656
733,417,0.9601363079775213
733,537,0.9526779251205059
733,587,0.9567011013153025
733,646,0.9562862710297977
733,1091,0.9608205707887589
733,1154,0.9609715069451911
733,1162,0.952553927552239
733,1193,0.9537482962040167
733,1233,0.9551947360542247
733,1245,0.9525531919743363
734,797,0.9572337381610541
735,6,0.9564413495860201
735,280,0.9759258563230238
735,350,0.9778915401294923
